 const coordinates5=[[
 [90.3717065602541,  23.82585617006994],
 [90.37177965044975, 23.82586782478512],
 [90.37179842591286, 23.82573256868382],
 [90.37172567099331, 23.82572306087998],
 [90.3717065602541,  23.82585617006994]
 ]];

 const coordinates4=[[
 [90.3717950731516, 23.82586659797306],
 [90.37188693881036, 23.825753117805803],
 [90.37181317806244, 23.82574268989356],
 [90.37181451916695, 23.82574268989356],
 [90.3717950731516,  23.82586659797306]
 ]];

  const coordinates3=[[
 [90.37188895046708, 23.825883773341076],
 [90.37195265293118, 23.82589420124198],
 [90.37197209894654, 23.8257776540666],
 [90.37190839648244, 23.82576967978234],
 [90.37188895046708, 23.825883773341076]
 ]];

 const coordinates2= [[
 [90.3712110221386,  23.825792989227224],
 [90.37131562829016, 23.825800963510048],
 [90.37132300436497, 23.825673681629667],
 [90.37121873348951, 23.82566724085649],
 [90.3712110221386,  23.825792989227224]
 ]];

 const coordinates1= [[
 [90.37116475403307, 23.825633503467998],
 [90.37126835435627, 23.825649452052744],
 [90.37129517644641, 23.825505301311722],
 [90.37119258195159, 23.82548965941315],
 [90.37116475403307, 23.825633503467998]
 ]];

 const coordinates= [[
[90.37201568484306, 23.825948180950903],
[90.37225909531116, 23.82596780993039],
[90.37229865789412, 23.82579728307188],
[90.3720411658287,  23.825754344618957],
[90.37201568484306, 23.825948180950903]
 ]]
